1  264  1086
2 264 1082
3 265 1078
4 266 1075
5 267 1072
6 269 1070
7 271 1065
8 273 1063
9 275 1060
10 277 1058 
11 280 1056
12 281 1053
13 284 1049
14 286 1046
15 290 1041
16 293 1040
17 295 1036
18 297 1034 
19 299 1033
20 301 1032
21 304 1029
22 307 1026
23 311 1024
24 314 1022
25 318 1020
26 323 1019
27 327 1016
28 330 1013
29 332 1009
30 333 1005
31 333 1001
32 333 997
33 333 992
34 338 989
35 341 987
36 346 986
37 351 986
38 356 985
39 362 984
40 368 984
41 374 982
42 378 983
43 383 983
44 389 983
45 389 983
46 389 983
47 389 983
48 389 983
49 389 983
50 389 983
51 389 983
52 389 983
53 389 983
54 389 983
55 389 983
56 389 983
57 389 983
58 389 983
59 389 983
60 389 983
61 389 983
62 389 983
63 389 983
64 389 983
65 389 983
66 389 983
67 389 983
68 389 983
69 389 983
70 389 983
71 389 966
72 389 951
73 389 937
74 389 920
75 389 908
76 389 896
77 389 885 
78 389 874
79 389 863
80 389 852
81 389 841
82 389 830
83 389 819
84 389 808
85 389 797
86 389 786
87 389 775
88 392 762
89 398 757
90 402 752
91 408 745
92 412 740
93 417 736
94 423 731
95 429 729
96 436 720
97 451 714
98 451 710
99 461 710
100 473 703
101 483 699
102 490 694
103 500 689
104 507 684
105 513 680
106 522 675
107 524 671
108 529 663
109 538 656
110 545 646
111 544 635
112 544 626
113 544 621
114 544 616
115 544 611
116 544 608
117 544 605
118 544 601
119 544 598
120 544 595
121 544 592
122 544 588
123 544 585
124 544 582
125 544 579
126 544 575
127 544 571
128 544 567
129 544 563
130 544 560
131 544 557
132 544 554
133 544 551
134 544 548
135 544 545
136 544 541
137 539 541
138 533 541
139 527 541
140 522 541
141 517 541
142 511 541
143 505 541
144 500 541
145 494 541
146 489 541
147 483 541
148 476 541
149 460 541
150 455 541
151 450 541
152 444 541
153 438 541
154 433 541
155 428 541
156 423 541
157 418 541
158 413 541
159 407 541
160 401 541
161 396 541
162 390 541
163 385 541
164 380 541
165 375 541
166 370 541
167 365 541
168 360 541
169 355 541
170 350 541
171 344 541
172 338 541
173 332 541
174 327 541
175 321 541
176 316 541
177 310 541
178 304 541		
179 298 541
180 291 541 
181 290 537
182 289 533
183 288 529
184 287 526
185 286 522
186 285 518
187 284 514
188 283 510
189 282 506
190 281 502
191 280 498
192 279 494
193 278 491
194 277 487
195 276 483
196 275 479
197 274 475
198 273 471
199 272 467
200 271 463
201 270 459
202 269 455
203 268 451
204 267 447
205 266 444
206 265 441
207 264 437
208 263 433
209 262 429
210 261 425
211 260 421
212 259 417
213 258 413
214 257 409
215 256 405
216 255 401 
217 254 397
218 253 394
219 252 391
220 251 388
221 250 384
222 249 381
223 249 378
224 248 375
225 248 373
226 247 371
227 247 369
228 246 367
229 246 365
230 246 364
231 245 363
232 245 362
233 244 361
234 244 360
235 243 360
236 242 360
237 241 359
238 241 359
239 241 358
240 240 357
241 240 357
242 240 357
243 240 357
244 240 357
245 240 357
246 240 357
247 240 357
248 240 357
249 240 357
250 240 357
251 240 357
252 240 357
253 240 357 
254 240 357
255 240 357
256 240 357
257 240 357
258 240 357
259 240 357
260 240 357
261 240 357
262 240 357
263 240 357 
264 240 357
265 240 357
266 240 357
267 240 357
268 240 357
269 240 357
270 240 357
271 240 357
272 240 357 
273 240 357
274 240 357
275 240 357
276 240 357
277 240 357
278 240 357
279 240 357
280 240 357
281 240 357
282 240 357
283 240 357
284 240 357
285 240 357
286 240 357
287 240 357
288 240 357 
289 240 357
290 240 357
291 240 357
292 240 357
293 240 357
294 240 357
295 240 357
296 240 357
297 240 357
298 240 357
299 240 357
300 240 357
301 240 357
302 240 357
303 240 357
304 240 357
305 240 357
306 240 357
307 240 357
308 240 357
309 240 357
310 240 357
311 240 357
312 240 357
313 240 357
314 240 357
315 240 357
316 240 357
317 240 357
318 240 357
319 240 357
320 240 357
321 240 357
322 240 357
323 240 357
324 240 357
325 240 357
326 240 357
327 240 357
328 240 357
329 240 357
330 240 357 
331 241 358
332 242 359
333 243 360
334 244 361
335 245 361
336 246 362 
337 247 363
338 248 364
339 249 365
340 250 366
341 251 367
342 252 368
343 253 369
344 254 370
345 255 371
346 256 372
347 257 373
348 258 374
349 258 375
350 258 375
351 259 376
352 259 376
353 260 377
354 260 378
355 261 379
356 262 380
357 263 381
358 264 382
359 265 384
360 266 386
361 270 386
362 274 386
363 278 386
364 282 386
365 286 386
366 290 386
367 294 386
368 298 386
369 302 386
370 306 386
371 310 386
372 314 386
373 318 386
374 322 386
375 326 386
376 330 386
377 334 386
378 338 386
379 342 386
380 346 386
381 350 386
382 354 386
383 358 386
384 362 386
385 366 386
386 370 386
387 374 386
388 378 386
389 382 386
390 385 386 
391 393 386
392 401 386
393 409 386
394 417 386
395 424 386
396 431 386
397 439 386
398 448 386
399 457 386
400 466 386
401 475 386
402 484 386
403 493 386
404 502 386
405 511 386
406 519 386
407 527 386
408 535 386
409 543 386
410 551 386
411 558 386
412 566 386
413 574 386
414 582 386
415 590 386
416 599 386
417 608 386
418 617 386
419 626 386
420 635 386
421 644 386
422 653 386
423 661 386
424 669 386
425 677 386
426 685 386
427 693 386
428 701 386
429 709 386
430 717 386
431 725 386
432 733 386
433 741 386
434 749 386
435 757 386
436 766 386
437 775 386
438 784 386
439 793 386
440 801 386
441 809 386
442 818 386
443 827 386
444 836 386
445 845 386
446 854 386
447 860 386
448 865 386
449 870 386
450 871 382 
451 873 378 
452 875 376
453 877 372
454 879 368
455 881 362
456 883 358
457 885 352
458 887 348
459 889 344
460 891 340
461 893 336
462 895 362
463 897 358
464 899 354
465 901 350
466 903 346
467 905 342
468 907 338
469 909 332
470 913 328
471 915 324
472 917 320
473 919 316
474 921 312
475 923 308
476 925 304
477 927 300
478 929 294
479 931 290
480 933 285
481 935 280
482 937 275
483 939 270
484 941 265
485 943 260
486 945 255
487 947 250
488 949 245
489 951 240
490 953 245
491 955 240
492 957 236
493 959 232
494 961 228
495 963 224
496 965 220
497 967 216
498 969 210
499 971 206
500 973 202
501 975 198
502 977 194
503 979 190
504 981 186
505 983 182
506 985 178
507 987 174
508 989 170
509 991 166
510 993 162
511 995 158
512 997 154
513 999 150
514 1001 146
515 1003 140
516 1005 135
517 1007 130
518 1009 125
519 1010 120
520 1011 115
521 1012 110
522 1013 105
523 1014 101
524 1015 97
525 1016 93
526 1017 89 
527 1018 85
528 1019 81
529 1020 77
530 1021 72
531 1022 67
532 1023 62
533 1024 57
534 1025 52
535 1025 42
536 1026 32
537 1026 30
538 1027 27
539 1027 24
540 1027 21
